MODEL_ETHA0: 13.996975
MODEL_B: 1199.994779
MODEL_VLOS: 0.050000
MODEL_LAMBDADOPP: 0.070002
MODEL_AA: 0.050002
MODEL_GM: 170.000252
MODEL_AZI: 25.014299
MODEL_S0: 0.249996
MODEL_S1: 0.750003
MODEL_MAC: 0.000000
MODEL_ALFA: 1.000000
NUMBER ITERATIONS TO CONVERGE: 30
Chisqrf 1.675740e-05


