eta_0:           14.000993
magnetic field:  1200.003270
LOS velocity:    -0.000015
Doppler width:   0.069999
damping:         0.050001
gamma:           130.000161
phi:             24.999280
S_0:             0.250009
S_1:             0.749999
v_mac:           1.000024
filling factor:  1.000000
# Iterations:    10
chisqr:          1.026620e-05


